{
 "cells": [
  {
   "cell_type": "code",
   "execution_count": 755,
   "metadata": {},
   "outputs": [],
   "source": [
    "import numpy as np\n",
    "import pandas as pd\n",
    "import matplotlib.pyplot as plt\n",
    "import plotly.express as px\n",
    "import itertools\n",
    "\n",
    "import tensorflow as tf\n",
    "from sklearn.model_selection import train_test_split\n",
    "from sklearn.preprocessing import StandardScaler"
   ]
  },
  {
   "cell_type": "code",
   "execution_count": 756,
   "metadata": {},
   "outputs": [
    {
     "data": {
      "text/html": [
       "<div>\n",
       "<style scoped>\n",
       "    .dataframe tbody tr th:only-of-type {\n",
       "        vertical-align: middle;\n",
       "    }\n",
       "\n",
       "    .dataframe tbody tr th {\n",
       "        vertical-align: top;\n",
       "    }\n",
       "\n",
       "    .dataframe thead th {\n",
       "        text-align: right;\n",
       "    }\n",
       "</style>\n",
       "<table border=\"1\" class=\"dataframe\">\n",
       "  <thead>\n",
       "    <tr style=\"text-align: right;\">\n",
       "      <th></th>\n",
       "      <th>age</th>\n",
       "      <th>sex</th>\n",
       "      <th>cp</th>\n",
       "      <th>trtbps</th>\n",
       "      <th>chol</th>\n",
       "      <th>fbs</th>\n",
       "      <th>restecg</th>\n",
       "      <th>thalachh</th>\n",
       "      <th>exng</th>\n",
       "      <th>oldpeak</th>\n",
       "      <th>slp</th>\n",
       "      <th>caa</th>\n",
       "      <th>thall</th>\n",
       "      <th>output</th>\n",
       "    </tr>\n",
       "  </thead>\n",
       "  <tbody>\n",
       "    <tr>\n",
       "      <th>0</th>\n",
       "      <td>63</td>\n",
       "      <td>1</td>\n",
       "      <td>3</td>\n",
       "      <td>145</td>\n",
       "      <td>233</td>\n",
       "      <td>1</td>\n",
       "      <td>0</td>\n",
       "      <td>150</td>\n",
       "      <td>0</td>\n",
       "      <td>2.3</td>\n",
       "      <td>0</td>\n",
       "      <td>0</td>\n",
       "      <td>1</td>\n",
       "      <td>1</td>\n",
       "    </tr>\n",
       "    <tr>\n",
       "      <th>1</th>\n",
       "      <td>37</td>\n",
       "      <td>1</td>\n",
       "      <td>2</td>\n",
       "      <td>130</td>\n",
       "      <td>250</td>\n",
       "      <td>0</td>\n",
       "      <td>1</td>\n",
       "      <td>187</td>\n",
       "      <td>0</td>\n",
       "      <td>3.5</td>\n",
       "      <td>0</td>\n",
       "      <td>0</td>\n",
       "      <td>2</td>\n",
       "      <td>1</td>\n",
       "    </tr>\n",
       "    <tr>\n",
       "      <th>2</th>\n",
       "      <td>41</td>\n",
       "      <td>0</td>\n",
       "      <td>1</td>\n",
       "      <td>130</td>\n",
       "      <td>204</td>\n",
       "      <td>0</td>\n",
       "      <td>0</td>\n",
       "      <td>172</td>\n",
       "      <td>0</td>\n",
       "      <td>1.4</td>\n",
       "      <td>2</td>\n",
       "      <td>0</td>\n",
       "      <td>2</td>\n",
       "      <td>1</td>\n",
       "    </tr>\n",
       "    <tr>\n",
       "      <th>3</th>\n",
       "      <td>56</td>\n",
       "      <td>1</td>\n",
       "      <td>1</td>\n",
       "      <td>120</td>\n",
       "      <td>236</td>\n",
       "      <td>0</td>\n",
       "      <td>1</td>\n",
       "      <td>178</td>\n",
       "      <td>0</td>\n",
       "      <td>0.8</td>\n",
       "      <td>2</td>\n",
       "      <td>0</td>\n",
       "      <td>2</td>\n",
       "      <td>1</td>\n",
       "    </tr>\n",
       "    <tr>\n",
       "      <th>4</th>\n",
       "      <td>57</td>\n",
       "      <td>0</td>\n",
       "      <td>0</td>\n",
       "      <td>120</td>\n",
       "      <td>354</td>\n",
       "      <td>0</td>\n",
       "      <td>1</td>\n",
       "      <td>163</td>\n",
       "      <td>1</td>\n",
       "      <td>0.6</td>\n",
       "      <td>2</td>\n",
       "      <td>0</td>\n",
       "      <td>2</td>\n",
       "      <td>1</td>\n",
       "    </tr>\n",
       "    <tr>\n",
       "      <th>...</th>\n",
       "      <td>...</td>\n",
       "      <td>...</td>\n",
       "      <td>...</td>\n",
       "      <td>...</td>\n",
       "      <td>...</td>\n",
       "      <td>...</td>\n",
       "      <td>...</td>\n",
       "      <td>...</td>\n",
       "      <td>...</td>\n",
       "      <td>...</td>\n",
       "      <td>...</td>\n",
       "      <td>...</td>\n",
       "      <td>...</td>\n",
       "      <td>...</td>\n",
       "    </tr>\n",
       "    <tr>\n",
       "      <th>298</th>\n",
       "      <td>57</td>\n",
       "      <td>0</td>\n",
       "      <td>0</td>\n",
       "      <td>140</td>\n",
       "      <td>241</td>\n",
       "      <td>0</td>\n",
       "      <td>1</td>\n",
       "      <td>123</td>\n",
       "      <td>1</td>\n",
       "      <td>0.2</td>\n",
       "      <td>1</td>\n",
       "      <td>0</td>\n",
       "      <td>3</td>\n",
       "      <td>0</td>\n",
       "    </tr>\n",
       "    <tr>\n",
       "      <th>299</th>\n",
       "      <td>45</td>\n",
       "      <td>1</td>\n",
       "      <td>3</td>\n",
       "      <td>110</td>\n",
       "      <td>264</td>\n",
       "      <td>0</td>\n",
       "      <td>1</td>\n",
       "      <td>132</td>\n",
       "      <td>0</td>\n",
       "      <td>1.2</td>\n",
       "      <td>1</td>\n",
       "      <td>0</td>\n",
       "      <td>3</td>\n",
       "      <td>0</td>\n",
       "    </tr>\n",
       "    <tr>\n",
       "      <th>300</th>\n",
       "      <td>68</td>\n",
       "      <td>1</td>\n",
       "      <td>0</td>\n",
       "      <td>144</td>\n",
       "      <td>193</td>\n",
       "      <td>1</td>\n",
       "      <td>1</td>\n",
       "      <td>141</td>\n",
       "      <td>0</td>\n",
       "      <td>3.4</td>\n",
       "      <td>1</td>\n",
       "      <td>2</td>\n",
       "      <td>3</td>\n",
       "      <td>0</td>\n",
       "    </tr>\n",
       "    <tr>\n",
       "      <th>301</th>\n",
       "      <td>57</td>\n",
       "      <td>1</td>\n",
       "      <td>0</td>\n",
       "      <td>130</td>\n",
       "      <td>131</td>\n",
       "      <td>0</td>\n",
       "      <td>1</td>\n",
       "      <td>115</td>\n",
       "      <td>1</td>\n",
       "      <td>1.2</td>\n",
       "      <td>1</td>\n",
       "      <td>1</td>\n",
       "      <td>3</td>\n",
       "      <td>0</td>\n",
       "    </tr>\n",
       "    <tr>\n",
       "      <th>302</th>\n",
       "      <td>57</td>\n",
       "      <td>0</td>\n",
       "      <td>1</td>\n",
       "      <td>130</td>\n",
       "      <td>236</td>\n",
       "      <td>0</td>\n",
       "      <td>0</td>\n",
       "      <td>174</td>\n",
       "      <td>0</td>\n",
       "      <td>0.0</td>\n",
       "      <td>1</td>\n",
       "      <td>1</td>\n",
       "      <td>2</td>\n",
       "      <td>0</td>\n",
       "    </tr>\n",
       "  </tbody>\n",
       "</table>\n",
       "<p>303 rows × 14 columns</p>\n",
       "</div>"
      ],
      "text/plain": [
       "     age  sex  cp  trtbps  chol  fbs  restecg  thalachh  exng  oldpeak  slp  \\\n",
       "0     63    1   3     145   233    1        0       150     0      2.3    0   \n",
       "1     37    1   2     130   250    0        1       187     0      3.5    0   \n",
       "2     41    0   1     130   204    0        0       172     0      1.4    2   \n",
       "3     56    1   1     120   236    0        1       178     0      0.8    2   \n",
       "4     57    0   0     120   354    0        1       163     1      0.6    2   \n",
       "..   ...  ...  ..     ...   ...  ...      ...       ...   ...      ...  ...   \n",
       "298   57    0   0     140   241    0        1       123     1      0.2    1   \n",
       "299   45    1   3     110   264    0        1       132     0      1.2    1   \n",
       "300   68    1   0     144   193    1        1       141     0      3.4    1   \n",
       "301   57    1   0     130   131    0        1       115     1      1.2    1   \n",
       "302   57    0   1     130   236    0        0       174     0      0.0    1   \n",
       "\n",
       "     caa  thall  output  \n",
       "0      0      1       1  \n",
       "1      0      2       1  \n",
       "2      0      2       1  \n",
       "3      0      2       1  \n",
       "4      0      2       1  \n",
       "..   ...    ...     ...  \n",
       "298    0      3       0  \n",
       "299    0      3       0  \n",
       "300    2      3       0  \n",
       "301    1      3       0  \n",
       "302    1      2       0  \n",
       "\n",
       "[303 rows x 14 columns]"
      ]
     },
     "execution_count": 756,
     "metadata": {},
     "output_type": "execute_result"
    }
   ],
   "source": [
    "df = pd.read_csv('./heart.csv')\n",
    "df"
   ]
  },
  {
   "cell_type": "code",
   "execution_count": 757,
   "metadata": {},
   "outputs": [
    {
     "data": {
      "text/plain": [
       "age         0\n",
       "sex         0\n",
       "cp          0\n",
       "trtbps      0\n",
       "chol        0\n",
       "fbs         0\n",
       "restecg     0\n",
       "thalachh    0\n",
       "exng        0\n",
       "oldpeak     0\n",
       "slp         0\n",
       "caa         0\n",
       "thall       0\n",
       "output      0\n",
       "dtype: int64"
      ]
     },
     "execution_count": 757,
     "metadata": {},
     "output_type": "execute_result"
    }
   ],
   "source": [
    "df.isnull().sum()"
   ]
  },
  {
   "cell_type": "code",
   "execution_count": 758,
   "metadata": {},
   "outputs": [
    {
     "data": {
      "text/html": [
       "<div>\n",
       "<style scoped>\n",
       "    .dataframe tbody tr th:only-of-type {\n",
       "        vertical-align: middle;\n",
       "    }\n",
       "\n",
       "    .dataframe tbody tr th {\n",
       "        vertical-align: top;\n",
       "    }\n",
       "\n",
       "    .dataframe thead th {\n",
       "        text-align: right;\n",
       "    }\n",
       "</style>\n",
       "<table border=\"1\" class=\"dataframe\">\n",
       "  <thead>\n",
       "    <tr style=\"text-align: right;\">\n",
       "      <th></th>\n",
       "      <th>age</th>\n",
       "      <th>sex</th>\n",
       "      <th>cp</th>\n",
       "      <th>trtbps</th>\n",
       "      <th>chol</th>\n",
       "      <th>fbs</th>\n",
       "      <th>restecg</th>\n",
       "      <th>thalachh</th>\n",
       "      <th>exng</th>\n",
       "      <th>oldpeak</th>\n",
       "      <th>slp</th>\n",
       "      <th>caa</th>\n",
       "      <th>thall</th>\n",
       "      <th>output</th>\n",
       "    </tr>\n",
       "  </thead>\n",
       "  <tbody>\n",
       "    <tr>\n",
       "      <th>164</th>\n",
       "      <td>38</td>\n",
       "      <td>1</td>\n",
       "      <td>2</td>\n",
       "      <td>138</td>\n",
       "      <td>175</td>\n",
       "      <td>0</td>\n",
       "      <td>1</td>\n",
       "      <td>173</td>\n",
       "      <td>0</td>\n",
       "      <td>0.0</td>\n",
       "      <td>2</td>\n",
       "      <td>4</td>\n",
       "      <td>2</td>\n",
       "      <td>1</td>\n",
       "    </tr>\n",
       "  </tbody>\n",
       "</table>\n",
       "</div>"
      ],
      "text/plain": [
       "     age  sex  cp  trtbps  chol  fbs  restecg  thalachh  exng  oldpeak  slp  \\\n",
       "164   38    1   2     138   175    0        1       173     0      0.0    2   \n",
       "\n",
       "     caa  thall  output  \n",
       "164    4      2       1  "
      ]
     },
     "execution_count": 758,
     "metadata": {},
     "output_type": "execute_result"
    }
   ],
   "source": [
    "df[df.duplicated()]"
   ]
  },
  {
   "cell_type": "code",
   "execution_count": 759,
   "metadata": {},
   "outputs": [
    {
     "data": {
      "text/html": [
       "<div>\n",
       "<style scoped>\n",
       "    .dataframe tbody tr th:only-of-type {\n",
       "        vertical-align: middle;\n",
       "    }\n",
       "\n",
       "    .dataframe tbody tr th {\n",
       "        vertical-align: top;\n",
       "    }\n",
       "\n",
       "    .dataframe thead th {\n",
       "        text-align: right;\n",
       "    }\n",
       "</style>\n",
       "<table border=\"1\" class=\"dataframe\">\n",
       "  <thead>\n",
       "    <tr style=\"text-align: right;\">\n",
       "      <th></th>\n",
       "      <th>age</th>\n",
       "      <th>sex</th>\n",
       "      <th>cp</th>\n",
       "      <th>trtbps</th>\n",
       "      <th>chol</th>\n",
       "      <th>fbs</th>\n",
       "      <th>restecg</th>\n",
       "      <th>thalachh</th>\n",
       "      <th>exng</th>\n",
       "      <th>oldpeak</th>\n",
       "      <th>slp</th>\n",
       "      <th>caa</th>\n",
       "      <th>thall</th>\n",
       "      <th>output</th>\n",
       "    </tr>\n",
       "  </thead>\n",
       "  <tbody>\n",
       "  </tbody>\n",
       "</table>\n",
       "</div>"
      ],
      "text/plain": [
       "Empty DataFrame\n",
       "Columns: [age, sex, cp, trtbps, chol, fbs, restecg, thalachh, exng, oldpeak, slp, caa, thall, output]\n",
       "Index: []"
      ]
     },
     "execution_count": 759,
     "metadata": {},
     "output_type": "execute_result"
    }
   ],
   "source": [
    "df.drop_duplicates(keep='first', inplace=True)\n",
    "df[df.duplicated()]"
   ]
  },
  {
   "cell_type": "code",
   "execution_count": 760,
   "metadata": {},
   "outputs": [
    {
     "data": {
      "text/html": [
       "<div>\n",
       "<style scoped>\n",
       "    .dataframe tbody tr th:only-of-type {\n",
       "        vertical-align: middle;\n",
       "    }\n",
       "\n",
       "    .dataframe tbody tr th {\n",
       "        vertical-align: top;\n",
       "    }\n",
       "\n",
       "    .dataframe thead th {\n",
       "        text-align: right;\n",
       "    }\n",
       "</style>\n",
       "<table border=\"1\" class=\"dataframe\">\n",
       "  <thead>\n",
       "    <tr style=\"text-align: right;\">\n",
       "      <th></th>\n",
       "      <th>age</th>\n",
       "      <th>sex</th>\n",
       "      <th>cp</th>\n",
       "      <th>trtbps</th>\n",
       "      <th>chol</th>\n",
       "      <th>fbs</th>\n",
       "      <th>restecg</th>\n",
       "      <th>thalachh</th>\n",
       "      <th>exng</th>\n",
       "      <th>oldpeak</th>\n",
       "      <th>slp</th>\n",
       "      <th>caa</th>\n",
       "      <th>thall</th>\n",
       "      <th>output</th>\n",
       "    </tr>\n",
       "  </thead>\n",
       "  <tbody>\n",
       "    <tr>\n",
       "      <th>0</th>\n",
       "      <td>63</td>\n",
       "      <td>1</td>\n",
       "      <td>3</td>\n",
       "      <td>145</td>\n",
       "      <td>233</td>\n",
       "      <td>1</td>\n",
       "      <td>0</td>\n",
       "      <td>150</td>\n",
       "      <td>0</td>\n",
       "      <td>2.3</td>\n",
       "      <td>0</td>\n",
       "      <td>0</td>\n",
       "      <td>1</td>\n",
       "      <td>1</td>\n",
       "    </tr>\n",
       "    <tr>\n",
       "      <th>1</th>\n",
       "      <td>37</td>\n",
       "      <td>1</td>\n",
       "      <td>2</td>\n",
       "      <td>130</td>\n",
       "      <td>250</td>\n",
       "      <td>0</td>\n",
       "      <td>1</td>\n",
       "      <td>187</td>\n",
       "      <td>0</td>\n",
       "      <td>3.5</td>\n",
       "      <td>0</td>\n",
       "      <td>0</td>\n",
       "      <td>2</td>\n",
       "      <td>1</td>\n",
       "    </tr>\n",
       "    <tr>\n",
       "      <th>2</th>\n",
       "      <td>41</td>\n",
       "      <td>0</td>\n",
       "      <td>1</td>\n",
       "      <td>130</td>\n",
       "      <td>204</td>\n",
       "      <td>0</td>\n",
       "      <td>0</td>\n",
       "      <td>172</td>\n",
       "      <td>0</td>\n",
       "      <td>1.4</td>\n",
       "      <td>2</td>\n",
       "      <td>0</td>\n",
       "      <td>2</td>\n",
       "      <td>1</td>\n",
       "    </tr>\n",
       "    <tr>\n",
       "      <th>3</th>\n",
       "      <td>56</td>\n",
       "      <td>1</td>\n",
       "      <td>1</td>\n",
       "      <td>120</td>\n",
       "      <td>236</td>\n",
       "      <td>0</td>\n",
       "      <td>1</td>\n",
       "      <td>178</td>\n",
       "      <td>0</td>\n",
       "      <td>0.8</td>\n",
       "      <td>2</td>\n",
       "      <td>0</td>\n",
       "      <td>2</td>\n",
       "      <td>1</td>\n",
       "    </tr>\n",
       "    <tr>\n",
       "      <th>4</th>\n",
       "      <td>57</td>\n",
       "      <td>0</td>\n",
       "      <td>0</td>\n",
       "      <td>120</td>\n",
       "      <td>354</td>\n",
       "      <td>0</td>\n",
       "      <td>1</td>\n",
       "      <td>163</td>\n",
       "      <td>1</td>\n",
       "      <td>0.6</td>\n",
       "      <td>2</td>\n",
       "      <td>0</td>\n",
       "      <td>2</td>\n",
       "      <td>1</td>\n",
       "    </tr>\n",
       "    <tr>\n",
       "      <th>...</th>\n",
       "      <td>...</td>\n",
       "      <td>...</td>\n",
       "      <td>...</td>\n",
       "      <td>...</td>\n",
       "      <td>...</td>\n",
       "      <td>...</td>\n",
       "      <td>...</td>\n",
       "      <td>...</td>\n",
       "      <td>...</td>\n",
       "      <td>...</td>\n",
       "      <td>...</td>\n",
       "      <td>...</td>\n",
       "      <td>...</td>\n",
       "      <td>...</td>\n",
       "    </tr>\n",
       "    <tr>\n",
       "      <th>298</th>\n",
       "      <td>57</td>\n",
       "      <td>0</td>\n",
       "      <td>0</td>\n",
       "      <td>140</td>\n",
       "      <td>241</td>\n",
       "      <td>0</td>\n",
       "      <td>1</td>\n",
       "      <td>123</td>\n",
       "      <td>1</td>\n",
       "      <td>0.2</td>\n",
       "      <td>1</td>\n",
       "      <td>0</td>\n",
       "      <td>3</td>\n",
       "      <td>0</td>\n",
       "    </tr>\n",
       "    <tr>\n",
       "      <th>299</th>\n",
       "      <td>45</td>\n",
       "      <td>1</td>\n",
       "      <td>3</td>\n",
       "      <td>110</td>\n",
       "      <td>264</td>\n",
       "      <td>0</td>\n",
       "      <td>1</td>\n",
       "      <td>132</td>\n",
       "      <td>0</td>\n",
       "      <td>1.2</td>\n",
       "      <td>1</td>\n",
       "      <td>0</td>\n",
       "      <td>3</td>\n",
       "      <td>0</td>\n",
       "    </tr>\n",
       "    <tr>\n",
       "      <th>300</th>\n",
       "      <td>68</td>\n",
       "      <td>1</td>\n",
       "      <td>0</td>\n",
       "      <td>144</td>\n",
       "      <td>193</td>\n",
       "      <td>1</td>\n",
       "      <td>1</td>\n",
       "      <td>141</td>\n",
       "      <td>0</td>\n",
       "      <td>3.4</td>\n",
       "      <td>1</td>\n",
       "      <td>2</td>\n",
       "      <td>3</td>\n",
       "      <td>0</td>\n",
       "    </tr>\n",
       "    <tr>\n",
       "      <th>301</th>\n",
       "      <td>57</td>\n",
       "      <td>1</td>\n",
       "      <td>0</td>\n",
       "      <td>130</td>\n",
       "      <td>131</td>\n",
       "      <td>0</td>\n",
       "      <td>1</td>\n",
       "      <td>115</td>\n",
       "      <td>1</td>\n",
       "      <td>1.2</td>\n",
       "      <td>1</td>\n",
       "      <td>1</td>\n",
       "      <td>3</td>\n",
       "      <td>0</td>\n",
       "    </tr>\n",
       "    <tr>\n",
       "      <th>302</th>\n",
       "      <td>57</td>\n",
       "      <td>0</td>\n",
       "      <td>1</td>\n",
       "      <td>130</td>\n",
       "      <td>236</td>\n",
       "      <td>0</td>\n",
       "      <td>0</td>\n",
       "      <td>174</td>\n",
       "      <td>0</td>\n",
       "      <td>0.0</td>\n",
       "      <td>1</td>\n",
       "      <td>1</td>\n",
       "      <td>2</td>\n",
       "      <td>0</td>\n",
       "    </tr>\n",
       "  </tbody>\n",
       "</table>\n",
       "<p>302 rows × 14 columns</p>\n",
       "</div>"
      ],
      "text/plain": [
       "     age  sex  cp  trtbps  chol  fbs  restecg  thalachh  exng  oldpeak  slp  \\\n",
       "0     63    1   3     145   233    1        0       150     0      2.3    0   \n",
       "1     37    1   2     130   250    0        1       187     0      3.5    0   \n",
       "2     41    0   1     130   204    0        0       172     0      1.4    2   \n",
       "3     56    1   1     120   236    0        1       178     0      0.8    2   \n",
       "4     57    0   0     120   354    0        1       163     1      0.6    2   \n",
       "..   ...  ...  ..     ...   ...  ...      ...       ...   ...      ...  ...   \n",
       "298   57    0   0     140   241    0        1       123     1      0.2    1   \n",
       "299   45    1   3     110   264    0        1       132     0      1.2    1   \n",
       "300   68    1   0     144   193    1        1       141     0      3.4    1   \n",
       "301   57    1   0     130   131    0        1       115     1      1.2    1   \n",
       "302   57    0   1     130   236    0        0       174     0      0.0    1   \n",
       "\n",
       "     caa  thall  output  \n",
       "0      0      1       1  \n",
       "1      0      2       1  \n",
       "2      0      2       1  \n",
       "3      0      2       1  \n",
       "4      0      2       1  \n",
       "..   ...    ...     ...  \n",
       "298    0      3       0  \n",
       "299    0      3       0  \n",
       "300    2      3       0  \n",
       "301    1      3       0  \n",
       "302    1      2       0  \n",
       "\n",
       "[302 rows x 14 columns]"
      ]
     },
     "execution_count": 760,
     "metadata": {},
     "output_type": "execute_result"
    }
   ],
   "source": [
    "df.reset_index(drop=True)\n",
    "df"
   ]
  },
  {
   "cell_type": "code",
   "execution_count": 761,
   "metadata": {},
   "outputs": [
    {
     "data": {
      "text/html": [
       "<div>\n",
       "<style scoped>\n",
       "    .dataframe tbody tr th:only-of-type {\n",
       "        vertical-align: middle;\n",
       "    }\n",
       "\n",
       "    .dataframe tbody tr th {\n",
       "        vertical-align: top;\n",
       "    }\n",
       "\n",
       "    .dataframe thead th {\n",
       "        text-align: right;\n",
       "    }\n",
       "</style>\n",
       "<table border=\"1\" class=\"dataframe\">\n",
       "  <thead>\n",
       "    <tr style=\"text-align: right;\">\n",
       "      <th></th>\n",
       "      <th>age</th>\n",
       "      <th>sex</th>\n",
       "      <th>cp</th>\n",
       "      <th>trtbps</th>\n",
       "      <th>chol</th>\n",
       "      <th>fbs</th>\n",
       "      <th>restecg</th>\n",
       "      <th>thalachh</th>\n",
       "      <th>exng</th>\n",
       "      <th>oldpeak</th>\n",
       "      <th>slp</th>\n",
       "      <th>caa</th>\n",
       "      <th>thall</th>\n",
       "      <th>output</th>\n",
       "    </tr>\n",
       "  </thead>\n",
       "  <tbody>\n",
       "    <tr>\n",
       "      <th>count</th>\n",
       "      <td>302.00000</td>\n",
       "      <td>302.000000</td>\n",
       "      <td>302.000000</td>\n",
       "      <td>302.000000</td>\n",
       "      <td>302.000000</td>\n",
       "      <td>302.000000</td>\n",
       "      <td>302.000000</td>\n",
       "      <td>302.000000</td>\n",
       "      <td>302.000000</td>\n",
       "      <td>302.000000</td>\n",
       "      <td>302.000000</td>\n",
       "      <td>302.000000</td>\n",
       "      <td>302.000000</td>\n",
       "      <td>302.000000</td>\n",
       "    </tr>\n",
       "    <tr>\n",
       "      <th>mean</th>\n",
       "      <td>54.42053</td>\n",
       "      <td>0.682119</td>\n",
       "      <td>0.963576</td>\n",
       "      <td>131.602649</td>\n",
       "      <td>246.500000</td>\n",
       "      <td>0.149007</td>\n",
       "      <td>0.526490</td>\n",
       "      <td>149.569536</td>\n",
       "      <td>0.327815</td>\n",
       "      <td>1.043046</td>\n",
       "      <td>1.397351</td>\n",
       "      <td>0.718543</td>\n",
       "      <td>2.314570</td>\n",
       "      <td>0.543046</td>\n",
       "    </tr>\n",
       "    <tr>\n",
       "      <th>std</th>\n",
       "      <td>9.04797</td>\n",
       "      <td>0.466426</td>\n",
       "      <td>1.032044</td>\n",
       "      <td>17.563394</td>\n",
       "      <td>51.753489</td>\n",
       "      <td>0.356686</td>\n",
       "      <td>0.526027</td>\n",
       "      <td>22.903527</td>\n",
       "      <td>0.470196</td>\n",
       "      <td>1.161452</td>\n",
       "      <td>0.616274</td>\n",
       "      <td>1.006748</td>\n",
       "      <td>0.613026</td>\n",
       "      <td>0.498970</td>\n",
       "    </tr>\n",
       "    <tr>\n",
       "      <th>min</th>\n",
       "      <td>29.00000</td>\n",
       "      <td>0.000000</td>\n",
       "      <td>0.000000</td>\n",
       "      <td>94.000000</td>\n",
       "      <td>126.000000</td>\n",
       "      <td>0.000000</td>\n",
       "      <td>0.000000</td>\n",
       "      <td>71.000000</td>\n",
       "      <td>0.000000</td>\n",
       "      <td>0.000000</td>\n",
       "      <td>0.000000</td>\n",
       "      <td>0.000000</td>\n",
       "      <td>0.000000</td>\n",
       "      <td>0.000000</td>\n",
       "    </tr>\n",
       "    <tr>\n",
       "      <th>25%</th>\n",
       "      <td>48.00000</td>\n",
       "      <td>0.000000</td>\n",
       "      <td>0.000000</td>\n",
       "      <td>120.000000</td>\n",
       "      <td>211.000000</td>\n",
       "      <td>0.000000</td>\n",
       "      <td>0.000000</td>\n",
       "      <td>133.250000</td>\n",
       "      <td>0.000000</td>\n",
       "      <td>0.000000</td>\n",
       "      <td>1.000000</td>\n",
       "      <td>0.000000</td>\n",
       "      <td>2.000000</td>\n",
       "      <td>0.000000</td>\n",
       "    </tr>\n",
       "    <tr>\n",
       "      <th>50%</th>\n",
       "      <td>55.50000</td>\n",
       "      <td>1.000000</td>\n",
       "      <td>1.000000</td>\n",
       "      <td>130.000000</td>\n",
       "      <td>240.500000</td>\n",
       "      <td>0.000000</td>\n",
       "      <td>1.000000</td>\n",
       "      <td>152.500000</td>\n",
       "      <td>0.000000</td>\n",
       "      <td>0.800000</td>\n",
       "      <td>1.000000</td>\n",
       "      <td>0.000000</td>\n",
       "      <td>2.000000</td>\n",
       "      <td>1.000000</td>\n",
       "    </tr>\n",
       "    <tr>\n",
       "      <th>75%</th>\n",
       "      <td>61.00000</td>\n",
       "      <td>1.000000</td>\n",
       "      <td>2.000000</td>\n",
       "      <td>140.000000</td>\n",
       "      <td>274.750000</td>\n",
       "      <td>0.000000</td>\n",
       "      <td>1.000000</td>\n",
       "      <td>166.000000</td>\n",
       "      <td>1.000000</td>\n",
       "      <td>1.600000</td>\n",
       "      <td>2.000000</td>\n",
       "      <td>1.000000</td>\n",
       "      <td>3.000000</td>\n",
       "      <td>1.000000</td>\n",
       "    </tr>\n",
       "    <tr>\n",
       "      <th>max</th>\n",
       "      <td>77.00000</td>\n",
       "      <td>1.000000</td>\n",
       "      <td>3.000000</td>\n",
       "      <td>200.000000</td>\n",
       "      <td>564.000000</td>\n",
       "      <td>1.000000</td>\n",
       "      <td>2.000000</td>\n",
       "      <td>202.000000</td>\n",
       "      <td>1.000000</td>\n",
       "      <td>6.200000</td>\n",
       "      <td>2.000000</td>\n",
       "      <td>4.000000</td>\n",
       "      <td>3.000000</td>\n",
       "      <td>1.000000</td>\n",
       "    </tr>\n",
       "  </tbody>\n",
       "</table>\n",
       "</div>"
      ],
      "text/plain": [
       "             age         sex          cp      trtbps        chol         fbs  \\\n",
       "count  302.00000  302.000000  302.000000  302.000000  302.000000  302.000000   \n",
       "mean    54.42053    0.682119    0.963576  131.602649  246.500000    0.149007   \n",
       "std      9.04797    0.466426    1.032044   17.563394   51.753489    0.356686   \n",
       "min     29.00000    0.000000    0.000000   94.000000  126.000000    0.000000   \n",
       "25%     48.00000    0.000000    0.000000  120.000000  211.000000    0.000000   \n",
       "50%     55.50000    1.000000    1.000000  130.000000  240.500000    0.000000   \n",
       "75%     61.00000    1.000000    2.000000  140.000000  274.750000    0.000000   \n",
       "max     77.00000    1.000000    3.000000  200.000000  564.000000    1.000000   \n",
       "\n",
       "          restecg    thalachh        exng     oldpeak         slp         caa  \\\n",
       "count  302.000000  302.000000  302.000000  302.000000  302.000000  302.000000   \n",
       "mean     0.526490  149.569536    0.327815    1.043046    1.397351    0.718543   \n",
       "std      0.526027   22.903527    0.470196    1.161452    0.616274    1.006748   \n",
       "min      0.000000   71.000000    0.000000    0.000000    0.000000    0.000000   \n",
       "25%      0.000000  133.250000    0.000000    0.000000    1.000000    0.000000   \n",
       "50%      1.000000  152.500000    0.000000    0.800000    1.000000    0.000000   \n",
       "75%      1.000000  166.000000    1.000000    1.600000    2.000000    1.000000   \n",
       "max      2.000000  202.000000    1.000000    6.200000    2.000000    4.000000   \n",
       "\n",
       "            thall      output  \n",
       "count  302.000000  302.000000  \n",
       "mean     2.314570    0.543046  \n",
       "std      0.613026    0.498970  \n",
       "min      0.000000    0.000000  \n",
       "25%      2.000000    0.000000  \n",
       "50%      2.000000    1.000000  \n",
       "75%      3.000000    1.000000  \n",
       "max      3.000000    1.000000  "
      ]
     },
     "execution_count": 761,
     "metadata": {},
     "output_type": "execute_result"
    }
   ],
   "source": [
    "df.describe()"
   ]
  },
  {
   "cell_type": "code",
   "execution_count": 762,
   "metadata": {},
   "outputs": [
    {
     "data": {
      "application/vnd.plotly.v1+json": {
       "config": {
        "plotlyServerURL": "https://plot.ly"
       },
       "data": [
        {
         "coloraxis": "coloraxis",
         "hovertemplate": "x: %{x}<br>y: %{y}<br>color: %{z}<extra></extra>",
         "name": "0",
         "type": "heatmap",
         "x": [
          "age",
          "sex",
          "cp",
          "trtbps",
          "chol",
          "fbs",
          "restecg",
          "thalachh",
          "exng",
          "oldpeak",
          "slp",
          "caa",
          "thall",
          "output"
         ],
         "xaxis": "x",
         "y": [
          "age",
          "sex",
          "cp",
          "trtbps",
          "chol",
          "fbs",
          "restecg",
          "thalachh",
          "exng",
          "oldpeak",
          "slp",
          "caa",
          "thall",
          "output"
         ],
         "yaxis": "y",
         "z": [
          [
           1,
           -0.09496248821055978,
           -0.06310658565720646,
           0.28312067898080434,
           0.2072155056561178,
           0.11949212756870446,
           -0.11159006011822413,
           -0.3952351875534809,
           0.09321584624212102,
           0.20603963750076162,
           -0.16412423366806822,
           0.30226120969724174,
           0.06531728846138724,
           -0.2214758277665632
          ],
          [
           -0.09496248821055978,
           1,
           -0.05173952220794347,
           -0.057646940072901616,
           -0.1955714449054789,
           0.046022180812817406,
           -0.060350509064077594,
           -0.046438662712299884,
           0.14346012013070691,
           0.09832173325423298,
           -0.03298963307429071,
           0.11306039137632619,
           0.21145220080372443,
           -0.28360935779586244
          ],
          [
           -0.06310658565720646,
           -0.05173952220794347,
           1,
           0.04648642405741093,
           -0.07268160815675583,
           0.09601810378887686,
           0.0415609994687958,
           0.2933665820060729,
           -0.3929373743580725,
           -0.14669224707212516,
           0.11685419420886575,
           -0.19535634467105176,
           -0.1603696343592772,
           0.4320795915664076
          ],
          [
           0.28312067898080434,
           -0.057646940072901616,
           0.04648642405741093,
           1,
           0.12525628555536686,
           0.1781246924622795,
           -0.11536655568205441,
           -0.048022712031585736,
           0.06852626475958758,
           0.1945999503128808,
           -0.12287292844741415,
           0.09924834090336425,
           0.06286958227116786,
           -0.1462686638415544
          ],
          [
           0.2072155056561178,
           -0.1955714449054789,
           -0.07268160815675583,
           0.12525628555536686,
           1,
           0.011428296514525541,
           -0.14760177169976565,
           -0.005308495794754931,
           0.06409889953538109,
           0.050086024023738865,
           0.000416658293245955,
           0.08687793662520914,
           0.09681044601826995,
           -0.08143720051844129
          ],
          [
           0.11949212756870446,
           0.046022180812817406,
           0.09601810378887686,
           0.1781246924622795,
           0.011428296514525541,
           1,
           -0.08308108054367731,
           -0.007169289834638311,
           0.024728792784459754,
           0.004514274973532866,
           -0.058653541394914625,
           0.14493474913217871,
           -0.03275238137304714,
           -0.026825970565970397
          ],
          [
           -0.11159006011822413,
           -0.060350509064077594,
           0.0415609994687958,
           -0.11536655568205441,
           -0.14760177169976565,
           -0.08308108054367731,
           1,
           0.04120980826286058,
           -0.06880655307680582,
           -0.056250713595255936,
           0.09040215246954555,
           -0.08311244328643051,
           -0.010473170948873472,
           0.1348744470286471
          ],
          [
           -0.3952351875534809,
           -0.046438662712299884,
           0.2933665820060729,
           -0.048022712031585736,
           -0.005308495794754931,
           -0.007169289834638311,
           0.04120980826286058,
           1,
           -0.3774114488412383,
           -0.3422007459247005,
           0.38475438059767736,
           -0.2283110828854547,
           -0.09490993600291675,
           0.41995504366386893
          ],
          [
           0.09321584624212102,
           0.14346012013070691,
           -0.3929373743580725,
           0.06852626475958758,
           0.06409889953538109,
           0.024728792784459754,
           -0.06880655307680582,
           -0.3774114488412383,
           1,
           0.2867663364924335,
           -0.2561062438300406,
           0.1253771017635063,
           0.20582565983635143,
           -0.4356007617136187
          ],
          [
           0.20603963750076162,
           0.09832173325423298,
           -0.14669224707212516,
           0.1945999503128808,
           0.050086024023738865,
           0.004514274973532866,
           -0.056250713595255936,
           -0.3422007459247005,
           0.2867663364924335,
           1,
           -0.5763143815309939,
           0.23656044177478658,
           0.2090904909004058,
           -0.42914583288673813
          ],
          [
           -0.16412423366806822,
           -0.03298963307429071,
           0.11685419420886575,
           -0.12287292844741415,
           0.000416658293245955,
           -0.058653541394914625,
           0.09040215246954555,
           0.38475438059767736,
           -0.2561062438300406,
           -0.5763143815309939,
           1,
           -0.09223636675937119,
           -0.10331366531177844,
           0.34393953248938713
          ],
          [
           0.30226120969724174,
           0.11306039137632619,
           -0.19535634467105176,
           0.09924834090336425,
           0.08687793662520914,
           0.14493474913217871,
           -0.08311244328643051,
           -0.2283110828854547,
           0.1253771017635063,
           0.23656044177478658,
           -0.09223636675937119,
           1,
           0.1600854283264376,
           -0.4089919797569265
          ],
          [
           0.06531728846138724,
           0.21145220080372443,
           -0.1603696343592772,
           0.06286958227116786,
           0.09681044601826995,
           -0.03275238137304714,
           -0.010473170948873472,
           -0.09490993600291675,
           0.20582565983635143,
           0.2090904909004058,
           -0.10331366531177844,
           0.1600854283264376,
           1,
           -0.34310071238956547
          ],
          [
           -0.2214758277665632,
           -0.28360935779586244,
           0.4320795915664076,
           -0.1462686638415544,
           -0.08143720051844129,
           -0.026825970565970397,
           0.1348744470286471,
           0.41995504366386893,
           -0.4356007617136187,
           -0.42914583288673813,
           0.34393953248938713,
           -0.4089919797569265,
           -0.34310071238956547,
           1
          ]
         ]
        }
       ],
       "layout": {
        "coloraxis": {
         "colorscale": [
          [
           0,
           "#0d0887"
          ],
          [
           0.1111111111111111,
           "#46039f"
          ],
          [
           0.2222222222222222,
           "#7201a8"
          ],
          [
           0.3333333333333333,
           "#9c179e"
          ],
          [
           0.4444444444444444,
           "#bd3786"
          ],
          [
           0.5555555555555556,
           "#d8576b"
          ],
          [
           0.6666666666666666,
           "#ed7953"
          ],
          [
           0.7777777777777778,
           "#fb9f3a"
          ],
          [
           0.8888888888888888,
           "#fdca26"
          ],
          [
           1,
           "#f0f921"
          ]
         ]
        },
        "margin": {
         "t": 60
        },
        "template": {
         "data": {
          "bar": [
           {
            "error_x": {
             "color": "#2a3f5f"
            },
            "error_y": {
             "color": "#2a3f5f"
            },
            "marker": {
             "line": {
              "color": "#E5ECF6",
              "width": 0.5
             },
             "pattern": {
              "fillmode": "overlay",
              "size": 10,
              "solidity": 0.2
             }
            },
            "type": "bar"
           }
          ],
          "barpolar": [
           {
            "marker": {
             "line": {
              "color": "#E5ECF6",
              "width": 0.5
             },
             "pattern": {
              "fillmode": "overlay",
              "size": 10,
              "solidity": 0.2
             }
            },
            "type": "barpolar"
           }
          ],
          "carpet": [
           {
            "aaxis": {
             "endlinecolor": "#2a3f5f",
             "gridcolor": "white",
             "linecolor": "white",
             "minorgridcolor": "white",
             "startlinecolor": "#2a3f5f"
            },
            "baxis": {
             "endlinecolor": "#2a3f5f",
             "gridcolor": "white",
